28457823
2126244
11730342
10270250
45717250
13491895
21737465
14440270
943149
291137
6498492
1062897
29028775
60493101
9384267
2325298
41881900
85077558
63537249
460078
3470471
21289110
27193779
2561582
83222441
23088740
7691631
167174
23096959
1863329
3228505
576201
44838949
3678731
36535156
51117837
54346799
20580498
557980
1039520
9309093
1861458
24195339
14098069
23083156
31792824
22790488
20929025
121395510
486550
90796663
8514
237159
8843683
3214406
132750724
596892
44571718
126577260
1424470
33614304
1380117
1334369
3544424
3402537
4164482
21540759
35955666
21872392
24953448
7508411
14747598
507775
34526884
1181927
65252
12256376
19415064
3955647
1362490
33015583
211666
101296881
3100121
23974149
3065454
3638964
49970642
19872456
4311796
33791743
10744183
1700621
112507086
156018
67274736
28428729
15204860
107111421
46629305
